                                
                                
                                
                                
                                
                                
                                
                                
                                
                                
                                
                                
                                
                                
                                
                                
                                
                                
                                
                                
                                
                                
                                
                                
                                
                                
                                
                                
                                
                                
                                
                                
                                
                                
                                
                                
                                
                                
                                
                                
                                
                                
                                
                                
                                
                                
                                
                                
                                
                                
                                
                                
                                
                                
                                
                                
                                
                                
                                
                                
                                
                                
                                
                                
                                
                                
                                
                                
                                
                                
                                
                                
                                
                                
                                
                                
                                
                                
                                
                                
                                
                                
                                
                                
                                
                                
                                
                                
                                
                                
                                
                                
                                
                                
                                
                                
                                
                                
                                
                                
@@@@@@@@ Process 2@@@@@@@@@@@@@@
00011110000011010100010111000000
01001000100010001110000101010010
11011110011100011100101011100111
11110101010101000011110101000010
10100100011101001111111100110110
01101010100101010110101000101110
00010100100010010110010001100011
10101101110110101100100110111000
10001001110011101010010000100010
01110010100101111011100110010001
10111100011000010110100001100111
00011111010111101110001001101100
11000000111101011000101010000001
00000010000010110100011010111000
00001000100100100000000000101011
11011000001010010101101110010110
01011001000010011101010001000000
00000011100001011010101101110101
10110011010001111100011111101111
11001010110011100000000010010100
11000100010100011010110100110011
10000101010110110011001100001110
00011010100111000101110110001101
00100011000100100100101001000111
00001110001101101100111010111100
11100010000000100100110001001001
01110010111101111011111100000001
01100110010111100110100111110010
01001011100100010100110001101000
01011011011011110000110100000101
10001100000011111101000011010111
00000001001000010010101100100110
01010111111101001011101001111010
00000111101111101111101010011010
11010000111100101010010010001110
00111001100110100110010100111000
10110010101011011101100111111001
10111101100001010001101011110101
00011000101001001011100010101010
10111100100001010010010000010011
11010001010101001110010110001001
01001100000000001111111100111011
01110110001110100010001000000000
01000111101111111101101100010101
01011010011010100110010101000101
00100101110101010110101010110111
00011010100111000110100001101110
11010011001000000111100110101100
00101000100111101111101110001100
01010110011010001100100101011011
10011100101101010111010001110111
00001000101111110000010010010100
01000011000111111111110001010101
10010101010110110001011000100110
11000111111111101111001101001111
01100011100011101110100101011110
10001000001110111011111101101000
11100100000101010110101001000000
01010001110110000101010111000111
10011011101010000010111111101111
01001001100100001100110011100000
10001111111000011100011000101101
10111010010001010001010110000000
11110100010011001100011001100010
00001001010010010110011010111001
01110000101010101001000101010000
01000101111111111111001011000100
00011110000100000000001011000101
10001101000101000001001101110011
10100111001111000001111100011111
00110010001000111001100000000110
11111010110000011010101010010011
00110110011111011001100100110110
11011011100100110101000001100000
11111010101101010011001110010111
10010001100110010101100010111111
00001000010111011000000101011111
01110000111101101111010101011001
00101111011110110010000111010100
11010101110111010001010000001101
01010110101001100011111000001111
00011111100101110100010010001111
00000000000010001011111010111001
00010110001110110110000111111100
10111001110000110000110100101011
10100000111000011011000100000100
01000010101100110101011100101110
11001100010010111110010000101100
10011111011111100000001100011111
11001001000000011000101101000100
11001001100011111011111111101101
10010100000111111010010101010001
00111000000001100010001100000000
00100001110001011101110001110110
01101010001000001000010010100001
01110111001101011101110001010110
00101000000101000100110111100100
10001001001110000110000100000010
11100011111111010110000000011000
@@@@@@@@ Process 3@@@@@@@@@@@@@@
00101011010101101010110000110001
01101001111011010011011000110001
10011110111101101101111000010111
10010110100100110001010000010101
00111100110000110011100010111100
00110101000110111101000000101100
01000111110110010110010010000010
10000000001100001101000001001100
00111101101110111011110110001011
00101101001110011010101010000001
10010101111101001000100000100110
11010111001001011100000101001001
00010010101001111001111000001010
10000000010100011000010100010100
10000001010100010110000000100011
01100001001101111011101001101101
00101000001101100111010010100011
01001001001011011101001111011000
10101100111000110000101010101010
11001001011001100100001011100010
11101011010110101101111011101100
10010110000111011100010100000010
11001011010100101001000110101000
01101000110110101010001110000101
11101010000011000111000001111001
01011001101101000000100010010010
10111011011011010001001101100110
10101110010001000000111001100101
01110001011100111110010000000111
                                
                                
                                
                                
                                
                                
                                
                                
                                
                                
                                
                                
                                
                                
                                
                                
                                
                                
                                
                                
                                
                                
                                
                                
                                
                                
                                
                                
                                
                                
                                
                                
                                
                                
                                
                                
                                
                                
                                
                                
                                
                                
                                
                                
                                
                                
                                
                                
                                
                                
                                
                                
                                
                                
                                
                                
                                
                                
                                
                                
                                
                                
                                
                                
                                
                                
                                
                                
                                
                                
                                
                                
                                
                                
                                
                                
                                
                                
                                
                                
                                
                                
                                
                                
                                
                                
                                
                                
                                
                                
                                
                                
                                
                                
                                
                                
                                
                                
                                
                                
                                
                                
                                
                                
                                
                                
                                
                                
                                
                                
                                
                                
                                
                                
                                
                                
                                
                                
                                
                                
                                
                                
                                
                                
                                
                                
                                
                                
                                
                                
                                
                                
                                
                                
                                
                                
                                
                                
                                
                                
                                
                                
                                
                                
                                
                                
                                
                                
                                
                                
                                
                                
                                
                                
                                
                                
                                
                                
                                
                                
                                
                                
                                
                                
                                
                                
                                
                                
                                
                                
                                
                                
                                
                                
                                
                                
                                
                                
                                
                                
                                
                                
                                
                                
                                
                                
                                
                                
                                
                                
                                
                                
                                
                                
                                
                                
                                
                                
                                
                                
                                
                                
                                
                                
                                
                                
                                
                                
                                
                                
                                
                                
                                
                                
                                
                                
                                
                                
                                
                                
                                
                                
                                
                                
                                
                                
                                
                                
                                
                                
                                
                                
                                
                                
                                
                                
                                
                                
                                
                                
                                
                                
                                
                                
                                
                                
                                
                                
                                
                                
                                
                                
                                
                                
                                
                                
                                
                                
                                
                                
                                
                                
                                
                                
                                
                                
                                
                                
                                
                                
                                
                                
                                
                                
                                
                                
                                
                                
                                
                                
                                
                                
                                
                                
                                
                                
                                
                                
                                
                                
                                
                                
                                
                                
                                
                                
                                
                                
                                
                                
                                
                                
                                
                                
                                
                                
                                
                                
                                
                                
                                
                                
                                
                                
                                
                                
                                
                                
                                
                                
                                
                                
                                
                                
                                
                                
                                
                                
                                
                                
                                
                                
                                
                                
                                
                                
                                
                                
                                
                                
                                
                                
                                
                                
                                
                                
                                
                                
                                
                                
                                
                                
                                
                                
                                
                                
                                
                                
                                
                                
                                
                                
                                
                                
                                
                                
                                
                                
                                
                                
                                
                                
                                
                                
                                
                                
                                
                                
                                
                                
                                
                                
                                
                                
                                
                                
                                
                                
                                
                                
                                
                                
                                
                                
                                
                                
                                
                                
                                
                                
                                
                                
                                
                                
                                
                                
                                
                                
                                
                                
                                
                                
                                
                                
                                
                                
                                
                                
                                
                                
                                
                                
                                
                                
                                
                                
                                
                                
                                
                                
                                
                                
                                
                                
                                
                                
                                
                                
                                
                                
                                
                                
                                
                                
                                
                                
                                
                                
                                
                                
                                
                                
                                
                                
                                
                                
                                
                                
                                
                                
                                
                                
                                
                                
                                
                                
                                
                                
                                
                                
                                
                                
                                
                                
                                
                                
                                
                                
                                
                                
                                
                                
                                
                                
                                
                                
                                
                                
                                
                                
                                
                                
                                
                                
                                
                                
                                
                                
                                
                                
                                
                                
                                
                                
                                
                                
                                
                                
                                
                                
                                
                                
                                
                                
                                
                                
                                
                                
                                
                                
                                
                                
                                
                                
                                
                                
                                
                                
                                
                                
                                
                                
                                
                                
                                
                                
                                
                                
                                
                                
                                
                                
                                
                                
                                
                                
                                
                                
                                
                                
                                
                                
                                
                                
                                
                                
                                
                                
                                
                                
                                
                                
                                
                                
                                
                                
                                
                                
                                
                                
                                
                                
                                
                                
                                
                                
                                
                                
                                
                                
                                
                                
                                
                                
                                
                                
                                
                                
                                
                                
                                
                                
                                
                                
                                
                                
                                
                                
                                
                                
                                
                                
                                
                                
                                
                                
                                
                                
                                
                                
                                
                                
                                
                                
                                
                                
                                
                                
                                
                                
                                
                                
                                
                                
                                
                                
                                
                                
                                
                                
                                
                                
                                
                                
                                
                                
                                
                                
                                
                                
                                
                                
                                
                                
                                
                                
                                
                                
                                
                                
                                
                                
                                
                                
                                
                                
                                
                                
                                
                                
                                
                                
                                
                                
                                
                                
                                
                                
                                
                                
                                
                                
                                
                                
                                
                                
                                
                                
                                
                                
                                
                                
                                
                                
                                
                                
                                
                                
                                
                                
                                
                                
                                
                                
                                
                                
                                
                                
                                
                                
                                
                                
                                
                                
                                
                                
                                
                                
                                
                                
                                
                                
                                
                                
                                
                                
                                
                                
                                
                                
                                
                                
                                
                                
                                
                                
                                
                                
                                
                                
                                
                                
                                
                                
                                
                                
                                
                                
                                
                                
                                
                                
                                
                                
                                
                                
                                
                                
                                
                                
                                
                                
                                
                                
                                
                                
                                
                                
                                
                                
                                
                                
                                
                                
                                
                                
                                
                                
                                
                                
